17758612 POLYGON ((-0.0371099999998847 0.0152900000003342, -0.0175499999997442 -0.0258000000002312, 0.0546600000001618 0.010509999999897, -0.0371099999998847 0.0152900000003342))

183313210 POLYGON ((-0.0039886750784923 0.0673155787104918, -0.0983986750784816 -0.0188144212899033, -0.0013086750785263 -0.0531144212899903, 0.0292713249215204 -0.0520444212895654, 0.0925713249214866 0.0051355787100249, -0.0039886750784923 0.0673155787104918))

14875452 POLYGON ((0.0780670047435095 0.00843534286048, 0.0715170047435265 0.0149753428601684, -0.0126729952565796 0.068785342860167, -0.095882995256602 0.0620953428601467, -0.0914829952565199 0.0280953428600128, -0.0866329952565081 0.0056753428602008, -0.0741629952566214 -0.0261346571399201, -0.055712995256485 -0.0702546571396567, 0.1437670047435446 -0.0227746571397347, 0.138427004743491 -0.0006146571401189, 0.1162270047434078 -0.0023646571399638, 0.1003770047434571 0.0027153428604265, 0.0876970047434256 0.0112853428603898, 0.0780670047435095 0.00843534286048))

307023519 POLYGON ((0.057012924341393 0.5536807875643035, -0.0480470756571094 0.534230787563672, -0.1220670756566733 0.5126507875637287, -0.1228170756576219 0.455050787564204, -0.1481170756562733 0.4011807875642148, -0.2200470756577033 0.2587007875639813, -0.2223870756580482 0.2494307875636537, -0.2260870756572331 0.2386107875636867, -0.2260870756572331 0.2169807875638696, -0.2167070756570411 0.1930407875640583, -0.2130770756565426 0.1835507875640019, -0.2104470756563614 0.1766907875641266, -0.2022070756567018 0.0919807875639833, -0.2016270756570293 0.0871507875636723, -0.1922570756562436 0.0093407875638718, -0.1970270756572745 -0.0089692124362273, -0.2022670756559819 -0.0291292124359188, -0.2051070756579065 -0.042709212436165, -0.2053970756577428 -0.0558292124360094, -0.2053970756577428 -0.0641192124362533, -0.2036870756569442 -0.0882892124359103, -0.2065670756564941 -0.0989292124359054, -0.2133870756580336 -0.109979212435718, -0.2622870756567863 -0.1696092124362281, -0.2793470756586203 -0.1774292124359533, -0.2995270756571244 -0.1831892124357637, -0.3208570756584095 -0.1930892124363481, -0.333077075657684 -0.2016092124357272, -0.3367770756568689 -0.2207092124358212, -0.3322270756569878 -0.2370592124357529, -0.3219870756566934 -0.2508692124358447, -0.2981070756561621 -0.2801092124357751, -0.306297075655948 -0.2955392124363243, -0.3159670756559763 -0.3130292124360778, -0.3210870756561235 -0.3289192124363183, -0.3207970756562872 -0.3399692124361309, -0.3134070756573237 -0.3579192124362862, -0.318527075657471 -0.3694292124357901, -0.318527075657471 -0.3813992124356957, -0.3216470756569834 -0.3906092124360328, -0.3281870756580929 -0.4032692124361858, -0.3344470756559304 -0.4193892124362719, -0.336217075656009 -0.4312292124360795, -0.3367170756575888 -0.434579212436148, -0.3350170756561965 -0.4456292124359606, -0.3250670756585805 -0.4481592124363942, -0.3134070756573237 -0.4518492124361728, -0.3028870756565993 -0.4520792124360184, -0.2844070756566452 -0.4481592124363942, -0.2676370756574897 -0.442869212436392, -0.255977075656233 -0.4371092124358711, -0.250297075658068 -0.4306692124359302, -0.2431870756566923 -0.4258292124362129, -0.228967075656783 -0.4251392124359654, -0.2133370756581598 -0.4285992124358984, -0.2008270756562069 -0.434579212436148, -0.1897370756580585 -0.445399212436115, -0.1795070756571704 -0.4569092124363294, -0.1638670756562988 -0.4697992124363282, -0.1544870756561068 -0.4889092124358285, -0.1436870756577946 -0.493979212436102, -0.1237770756574719 -0.4852292124361668, -0.0819870756572527 -0.467039212436049, -0.0626570756566025 -0.4599092124358606, -0.0407670756572998 -0.456219212436082, -0.0103470756585011 -0.4486292124362024, 0.0123929243414977 -0.4350392124358393, 0.0390829243428925 -0.438039212436081, 0.0728529243417597 -0.4442292124359426, 0.0953629243440446 -0.4445492124361294, 0.1263229243420483 -0.4445492124361294, 0.1661329243432874 -0.4354392124362505, 0.1950729243418436 -0.4191592124357157, 0.2256329243436994 -0.400279212436061, 0.233672924343864 -0.3895292124362015, 0.2425229243414151 -0.3706492124358363, 0.2344829243440927 -0.3533892124359284, 0.2328729243430416 -0.3423292124359989, 0.2356829243439051 -0.3263692124363615, 0.2316629243438228 -0.3185592124360426, 0.2389029243431651 -0.3074892124359962, 0.2457329243412687 -0.2889292124358178, 0.2445329243414562 -0.2690692124360794, 0.2411129243427013 -0.2560292124357488, 0.2422429243438273 -0.2452092124357819, 0.2462229243434422 -0.2270192124363746, 0.2573129243415906 -0.2113692124360966, 0.2664129243413527 -0.1947992124357256, 0.2264429243439281 -0.1292892124361344, 0.2270129243413521 -0.0749592124357434, 0.2281529243418845 -0.0395092124357177, 0.2463429243420023 0.0429007875638376, 0.2605629243419116 0.0907807875641708, 0.2628329243435701 0.1184007875636439, 0.2872829243415254 0.14465078756416, 0.3020529243428882 0.1968907875642856, 0.2690829243420012 0.2652607875639035, 0.2409429243414252 0.3206007875640182, 0.1951129243423111 0.3778907875641835, 0.1581229243413418 0.413700787564153, 0.1508829243419996 0.4371407875638056, 0.1870629243427402 0.489220787564193, 0.1701829243415887 0.5107107875637951, 0.0954029243416699 0.553030787563813, 0.057012924341393 0.5536807875643035))

36930213 POLYGON ((-0.0588752844529861 0.0105831669500844, 0.0269347155470001 -0.0405568330499762, 0.0433447155470112 -0.0259968330503568, 0.0602647155469871 -0.0114868330499007, -0.0287452844530023 0.0411631669500423, -0.0588752844529861 0.0105831669500844))

156092143 POLYGON ((-0.017559071661899 0.0366733333173386, -0.0255790716619186 0.0028133333174196, -0.0405690716619 -0.0304166666822425, -0.0153590716619023 -0.0372366666823609, 0.0152209283381 -0.0432666666824844, 0.0181709283380904 0.0075533333173894, 0.0221909283380839 0.0106733333176123, 0.0243409283380958 0.0137833333177184, 0.0291709283380959 0.016513333317647, 0.046870928338083 0.0157333333177689, 0.0490209283380949 0.0324833333174013, -0.017559071661899 0.0366733333173386))

13867522 POLYGON ((-0.0315739830252682 0.0420918471768061, -0.0688539830253632 -0.0131081528230936, 0.042756016974721 -0.0424281528232484, 0.051346016974918 -0.0191181528229833, 0.0564960169747053 0.018921847176756, -0.0315739830252682 0.0420918471768061))

172168524 POLYGON ((-0.0289394759038331 -0.0322114075714808, -0.0277294759039037 -0.0496014075707762, 0.0035805240960585 -0.0720914075714063, 0.0268705240960898 -0.0714914075707895, 0.1152105240961987 0.0025785924286481, 0.1027605240961904 0.0112785924287095, 0.0987405240961081 0.0073785924286085, -0.0068594759039087 0.0805485924288973, -0.0899694759038283 0.016378592428623, -0.0991994759038661 0.003478592429218, -0.1016094759039632 -0.0145114075714048, -0.0967894759039467 -0.0265114075709505, -0.0867594759037971 -0.035511407570965, -0.0731094759037987 -0.038801407571043, -0.0530294759037986 -0.0391014075709961, -0.0365694759038249 -0.0352114075710119, -0.0289394759038331 -0.0322114075714808))

255018225 POLYGON ((-0.0788914093540427 0.0403531280277036, -0.0141414093540959 -0.0539968719728279, 0.0677085906460206 -0.0182568719722553, 0.0524385906459202 0.0298731280274467, -0.0788914093540427 0.0403531280277036))

10091092 POLYGON ((-0.0712769899457122 0.0341860814103256, -0.0487369899457413 -0.0100239185897522, -0.0359369899457285 -0.0253039185899695, -0.0300469899457312 -0.023863918589484, -0.0093069899457454 -0.054843918589853, -0.0063769899457 -0.0528739185895688, 0.000783010054306 -0.0508839185897614, -0.0005769899456887 -0.046873918589796, 0.0185130100542885 -0.0419939185896112, 0.0163930100542942 -0.0391839185901688, 0.029693010054288 -0.0353739185896984, 0.0332030100542724 -0.0386539185896595, 0.0382430100542841 -0.0374139185900901, 0.04717301005428 -0.0386239185900195, 0.0490230100543165 -0.0386839185900101, 0.0392730100542416 -0.025373918590077, 0.067243010054252 -0.0181739185897811, 0.0370230100542379 0.0390160814099261, -0.0712769899457122 0.0341860814103256))

4960862 POLYGON ((-0.0549079742793168 -0.0293682607889423, -0.0483079742792825 -0.0322382607890859, 0.0049020257206323 -0.0508682607893718, 0.0401720257206861 -0.0557782607891966, 0.0942820257206378 -0.0696082607895221, 0.102472025720779 -0.0711982607889183, 0.1129420257207414 -0.0586282607891064, 0.1167020257206275 -0.0528182607894223, 0.1193820257206824 -0.0533482607892211, 0.1247420257206144 -0.0424182607893897, 0.128772025720636 -0.0440082607894965, 0.1325320257206997 -0.0314782607894415, 0.1372820257207863 -0.0324782607890484, 0.1439120257206383 -0.0154282607894629, 0.1142520257207735 -0.0053082607891497, 0.0575120257206407 0.0199817392108059, -0.0235579742792424 0.0555317392105792, -0.0710279742792252 0.069821739210596, -0.087317974279344 0.0737517392110476, -0.104507974279322 0.0769817392111349, -0.1104279742792258 0.0627817392107488, -0.118527974279381 0.0421517392105386, -0.1285179742792408 0.0236417392109445, -0.1339779742792757 0.0135117392105144, -0.1037779742793177 0.0016317392109499, -0.0549079742793168 -0.0293682607889423))

4862862 POLYGON ((-0.2501905681484118 -0.1854324525282891, -0.1250405681489042 -0.2033724525283276, 0.2475394318523172 -0.2002124525283477, 0.248299431851251 0.2035675474715504, 0.1153594318523687 0.2012075474716824, 0.0278594318515957 0.1999175474715287, -0.0057105681477765 0.1999175474715287, -0.0278705681481028 0.1999375474717624, -0.1255805681481092 0.1990675474715431, -0.2508505681475981 0.1947475474715077, -0.2508605681484255 0.0599775474718456, -0.251580568148313 -0.0534524525285462, -0.251890568148383 -0.1014824525285007, -0.2498805681483418 -0.1632824525280796, -0.2501905681484118 -0.1854324525282891))

34773915 POLYGON ((0.1128242190361561 -0.0723618186185604, 0.0507042190363904 0.045888181381315, 0.0987142190368218 0.1915281813815284, 0.0833642190357864 0.1946181813814008, -0.0182057809638536 0.215108181381396, -0.0428657809635524 0.2211581813817531, -0.0393257809633951 0.2038181813816209, -0.0233457809642346 0.171868181381285, -0.161655780964054 0.1144781813813722, -0.1247757809636596 0.0302481813818645, -0.0919657809632213 -0.0288718186183701, -0.1252657809629909 -0.0377018186185296, -0.1812257809632456 -0.0525218186183452, -0.1644757809629027 -0.0789518186181226, -0.1415557809636425 -0.1150918186183958, -0.0255657809631771 -0.0723918186182004, 0.0827442190370675 -0.2383018186186803, 0.0828642190370488 -0.238251818618096, 0.1773542190363742 -0.19481181861849, 0.1338642190361838 -0.1124218186184578, 0.1128242190361561 -0.0723618186185604))

4487032 POLYGON ((-0.0237114655785575 -0.011897965412544, 0.0199285344214317 -0.014597965412122, 0.0239785344213317 0.0139420345874441, -0.0229114655786233 0.0120320345878611, -0.0237114655785575 -0.011897965412544))

4401982 POLYGON ((0.2456518139592134 -0.1422660268282527, 0.2542118139592375 -0.0344560268281668, 0.2624118139593179 0.0687539731714537, 0.2405418139593607 0.0691039731712806, 0.1718618139593175 0.0702039731713455, 0.1705718139593415 0.0817439731719105, 0.1717618139592148 0.0919839731714944, 0.1742218139593632 0.1105839731714298, 0.175671813959255 0.1215639731718454, 0.1762118139593483 0.1256039731714509, 0.1288118139592953 0.1334739731717605, -0.0427081860406631 0.1611539731719347, -0.084238186040686 0.1621139731717847, -0.1421381860406967 0.1633739731715878, -0.1579181860407175 0.178553973171347, -0.2044281860406727 0.1808039731713507, -0.2061881860406345 0.1579239731718474, -0.2034681860406451 0.157983973171838, -0.2085981860407316 0.1122139731712934, -0.2090281860407828 0.1089839731719167, -0.2170681860407697 0.0488539731712478, -0.2175081860407602 0.0455439731716467, -0.2211381860407258 0.0103739731713404, -0.2376781860407462 -0.1499660268287073, -0.2230981860407155 -0.1507960268284592, 0.0560118139592447 -0.1347560268285974, 0.157211813959357 -0.1387160268286891, 0.2456518139592134 -0.1422660268282527))

4253932 POLYGON ((-0.006129900956392 0.0167811700848119, -0.0215499009563927 0.0114611700844591, 0.0056800990436076 -0.0163488299151027, 0.0219000990436077 -0.0120288299157778, -0.006129900956392 0.0167811700848119))

308690651 POLYGON ((-0.033357530461231 -0.0500704450722367, -0.0115375304613252 -0.0514704450722547, 0.0145124695386301 -0.0491304450726204, 0.0339024695385604 -0.0416404450724883, 0.0514724695385382 -0.0266404450727009, 0.057532469538657 0.0028695549275426, 0.0169324695384887 0.0426995549275944, -0.0454775304614685 0.0600295549276098, -0.0448675304614454 0.020679554927483, -0.033357530461231 -0.0500704450722367))

117130536 POLYGON ((-0.0993937368637177 0.2694898940667656, -0.0143737368638597 0.0904498940663245, -0.0094737368637965 -0.0703401059332975, -0.0943637368639116 -0.1649201059336747, -0.2494637368638308 -0.2008601059330317, -0.0551837368639951 -0.3569301059336283, -0.0117637368639123 -0.3478501059333894, 0.0211262631360398 -0.3087201059337019, 0.0199162631361105 -0.1724901059333206, 0.0492962631362559 -0.1072201059336919, 0.1064362631360893 -0.085470105933183, 0.0966462631360798 0.0942298940664443, 0.1882062631363368 0.2777298940664252, 0.1735862631360163 0.2941298940669412, 0.0529062631361654 0.2974498940666592, -0.077923736863994 0.3010798940664472, -0.1020237368638988 0.3007098940663866, -0.0993937368637177 0.2694898940667656))

301730826 POLYGON ((-0.0320100000000156 0.0033600000001854, -0.0155499999999975 -0.0205799999996259, 0.0320099999999712 -0.0033599999994749, 0.0155499999999975 0.0205800000003364, -0.0320100000000156 0.0033600000001854))

49788494 POLYGON ((0.1171257111259649 0.0492151559512877, 0.1179257111258991 0.0450151559512335, 0.1125257111258548 0.0447151559512804, 0.1119257111259486 0.0489151559513346, 0.1091257111259125 0.0499151559509414, -0.0353742888741238 0.0359151559507609, -0.0674742888740809 0.0320151559513704, -0.1803742888741411 0.0175151559510311, -0.1814742888740284 0.0135151559511826, -0.1801742888741131 0.0129151559512763, -0.1691942888740528 -0.0552648440489634, -0.0739642888740732 -0.0583948440493032, 0.0969257111259836 -0.027284844048836, 0.1259257111259515 -0.0204848440489513, 0.1436257111258499 -0.0064848440487708, 0.1564257111258627 0.0102151559509878, 0.1606257111259168 0.0149151559512006, 0.1680257111258854 0.0205151559512728, 0.176625711125844 0.0232151559508509, 0.1894257111258568 0.0252151559507752, 0.1895257111259596 0.0264151559512982, 0.1953257111258822 0.0267151559512513, 0.1956257111258353 0.0257151559509339, 0.2021257111259445 0.0249151559508221, 0.2054257111259616 0.0252151559507752, 0.22652571112598 0.0291151559508762, 0.2213857111259543 0.0392551559507126, 0.2208657111259171 0.0403551559507775, 0.2168957111258862 0.0395751559508994, 0.2170657111259189 0.0392151559509557, 0.2147657111258638 0.0387651559506708, 0.2140757111259717 0.0402351559507963, 0.2150357111258216 0.0404151559507682, 0.2148157111259152 0.0408951559506932, 0.2132157111258692 0.0405751559512169, 0.2126557111258975 0.0417451559506787, 0.2134957111259439 0.0419051559511274, 0.2115457111258934 0.0459951559513172, 0.211015711125917 0.0458951559508591, 0.2104457111258284 0.0470951559506716, 0.2118557111259634 0.0473751559511015, 0.2115857111258279 0.0479351559512509, 0.2108357111259451 0.0477951559510359, 0.2102957111258519 0.0489251559507409, 0.2127557111258227 0.0494051559513764, 0.2129057111259769 0.0490951559513064, 0.2170657111259189 0.0499051559508246, 0.2163957111259052 0.0513251559510763, 0.2177257111258157 0.0515851559512726, 0.2180157111258296 0.0509751559512495, 0.2235057111258598 0.0520551559510807, 0.2232457111258412 0.05261515595123, 0.2251057111259058 0.0529751559511738, 0.2253757111258636 0.0524151559510244, 0.230685711125922 0.0534451559509819, 0.2304657111258379 0.0539051559506731, 0.232675711125907 0.0543351559507244, 0.2329157111258695 0.0538351559512762, 0.2377657111258813 0.0547851559510093, 0.2375757111259702 0.0552051559509437, 0.2393957111259226 0.0555651559508874, 0.2403657111258894 0.0535351559513231, 0.2507857111259781 0.0555751559510043, 0.2503257111259316 0.0582151559513022, 0.1743257111259666 0.0544151559509487, 0.1188257111259361 0.0506151559513057, 0.1171257111259649 0.0492151559512877))

308203521 POLYGON ((-0.0405636758515016 0.0251176448180956, -0.0405036758515109 0.0207876448179434, -0.045643675851359 0.0207476448181865, -0.0450336758515135 -0.0219523551820089, -0.0407036758513613 -0.0219223551823688, -0.0406436758513706 -0.0256423551817875, 0.0449863241485104 -0.0250223551823581, 0.0442563241485061 0.0257276448181187, -0.0405636758515016 0.0251176448180956))

206490655 POLYGON ((-0.0678623407921464 -0.0771201378373831, 0.119887659208473 -0.0069901378374482, 0.0903576592079958 0.0458198621625883, 0.0544476592082788 0.0526098621627114, 0.0222576592079804 0.0621198621626462, 0.00345765920855 0.0668798621624944, -0.1078523407912257 0.0088198621625679, -0.0678623407921464 -0.0771201378373831))

151082734 POLYGON ((-0.0178041629583792 0.0204536215932194, -0.027584162958405 0.0179436215930195, -0.036324162958401 0.0102936215931493, -0.0386241629583672 0.0044036215932408, -0.0344441629583692 -0.0022663784065458, -0.0068141629583796 -0.0199463784070986, -0.0034941629583951 -0.0197263784066592, 0.0214158370416051 -0.0264163784066795, 0.0364158370416146 0.0113336215932236, -0.0021241629583724 0.0197936215933225, -0.0178041629583792 0.0204536215932194))

308186301 POLYGON ((-0.2187594177073038 -0.016450980265148, -0.2204094177074012 -0.041320980264814, -0.1659294177073889 -0.0545009802650043, -0.1425194177073763 -0.0694509802649179, -0.1309694177066945 -0.0679509802651523, -0.1335194177073618 -0.0540909802648315, -0.1158094177071689 -0.0165909802650077, -0.1212094177077461 -0.0036809802651305, -0.138019417707369 -0.0035409802649156, -0.138469417707654 0.0070490197348505, -0.1030494177072683 0.01683901973486, -0.0686794177070738 0.0211890197348907, -0.0446694177071549 0.0055590197348465, -0.0290594177073444 -0.0277309802648062, -0.008649417706863 -0.0513709802650197, 0.0149105822927709 -0.0538209802648737, 0.0468805822933405 -0.0665909802648912, 0.0758405822935515 -0.0593909802649506, 0.0744905822926967 -0.0489309802649274, 0.0587305822932649 -0.0433609802648505, 0.0429805822932394 -0.0339809802650137, 0.0351705822922099 -0.0250109802649945, 0.022260582292688 0.0029790197348945, 0.0315705822927725 0.0101790197351903, 0.0236205822929492 0.0340890197350063, 0.0296205822934326 0.0350490197348563, 0.0378705822924985 0.0082790197350135, 0.0615905822925811 -0.0170009802648252, 0.0883005822927885 -0.0171309802649233, 0.0962505822926118 -0.0085709802650769, 0.1120105822934647 0.0130290197351002, 0.1157605822925234 0.0052890197348887, 0.1090105822925125 -0.0171309802649233, 0.1181605822921483 -0.0331709802651403, 0.1166605822930933 -0.0490609802650255, 0.1166605822930933 -0.0600709802650812, 0.180900582293475 -0.0728409802650987, 0.1887005822922561 -0.0614309802649871, 0.1821005822932875 -0.0242009802651211, 0.1822105822924414 -0.0112009802649027, 0.214180582293011 0.0295590197350037, 0.1960205822925332 0.0326790197348714, 0.1200205822925682 0.0433490197348618, 0.0843005822929399 0.0442290197348427, 0.0620905822927398 0.0426690197350865, 0.042800582292557 0.0389290197350789, 0.0142105822931171 0.0457290197349636, -0.0298294177071057 0.0635990197348946, -0.0424294177065576 0.067969019735159, -0.0685094177072187 0.0647390197350717, -0.0869694177069391 0.0591090197350042, -0.1375494177068504 0.0318590197348811, -0.1529294177075258 0.0242490197351231, -0.1636594177071515 0.026219019735052, -0.1830194177074418 0.0377690197350233, -0.1944294177064876 0.0448390197348658, -0.2146094177078339 0.0423290197350212, -0.21963941770764 0.0383790197350464, -0.2120594177071666 0.0194990197350364, -0.1942794177068663 -0.0012209802651597, -0.1941994177073525 -0.0129109802649907, -0.2187594177073038 -0.016450980265148))

308095161 POLYGON ((-0.0032899942106257 -0.0463977246674574, 0.0396400057893764 -0.0379277246679521, 0.0104800057893761 0.0298222753322364, -0.0271799942106243 0.0506522753326522, -0.0392299942106267 0.0487622753325922, -0.0032899942106257 -0.0463977246674574))

307917571 POLYGON ((-0.0346121078536044 -0.0250531702583601, -0.0014121078535823 -0.0379131702583635, 0.0216878921463604 -0.0047131702583414, 0.0338878921468222 0.0224568297415573, -0.0016721078537785 0.039246829741657, -0.0346121078536044 -0.0250531702583601))

307192091 POLYGON ((-0.0799637849123513 0.0022217244463718, -0.0209537849123365 -0.0530982755535092, 0.0838162150875732 0.0030417244460068, 0.0160662150875623 0.0504517244465319, -0.0799637849123513 0.0022217244463718))

307186281 POLYGON ((-0.0301899216992751 -0.0465262114452969, 0.046720078300666 -0.0309562114452433, 0.0324000783010092 0.0380537885547483, 0.0305200783003556 0.037663788554454, 0.0286400783011231 0.046033788554567, -0.0466199216987206 0.0314837885547092, -0.0301899216992751 -0.0465262114452969))

307146661 POLYGON ((0.0309095629859257 0.0154561531733322, -0.0305104370141862 0.0154561531733322, -0.0305104370141862 -0.0155238468266816, 0.0301095629851034 -0.0155238468266816, 0.0309095629859257 0.0154561531733322))

169980463 POLYGON ((0.0474900000000389 -0.0706499999999721, 0.0456099999993853 0.0713300000001027, -0.0474900000000389 0.0706499999999721, -0.0456100000008064 -0.0713300000001027, 0.0474900000000389 -0.0706499999999721))

305839061 POLYGON ((0.0073351284541445 0.1100691511261687, -0.0270048715456994 0.0932791511260689, 0.0140351284542817 0.053629151125989, -0.134284871545276 -0.0290408488737626, -0.0720648715457628 -0.0770208488738433, -0.0438948715455467 -0.080700848873505, -0.0256548715455551 -0.0822908488736118, 0.1210551284543726 0.0085291511261687, 0.0663451284545147 0.0780891511261928, 0.045955128454267 0.0684991511263888, 0.0073351284541445 0.1100691511261687))

233204422 POLYGON ((-0.0193042701717161 -0.0528225639250479, 0.0511457298280504 -0.0051425639249203, 0.044915729828432 0.0150774360747619, 0.0001457298282048 0.0506274360745351, -0.034344270171971 0.0223174360748146, -0.0413142701717106 -0.018342563924989, -0.0193042701717161 -0.0528225639250479))

305580761 POLYGON ((0.073144577390849 0.0380277726264922, 0.0554745773911236 0.0447277726259188, 0.024564577390862 0.0486577726263704, -0.0140254226089098 0.0419477726261164, -0.0433054226089524 0.0267377726260065, -0.0629254226090836 0.0048277726264701, -0.0673454226092218 -0.0363822273740766, 0.0252245773911142 -0.0524122273738214, 0.073144577390849 0.0380277726264922))

49157308 POLYGON ((0.1581880278669123 -0.0703281412810952, -0.0692819721330867 0.1033818587188762, -0.1621519721330872 0.0587818587192146, -0.1036019721330883 0.0153318587187812, -0.0521719721330888 0.0392018587191956, -0.0016719721330882 -0.0012681412812299, -0.0483419721330869 -0.0212681412811833, 0.0007080278669136 -0.0576381412813021, 0.0466080278669123 -0.0942281412811496, 0.1581880278669123 -0.0703281412810952))

305509081 POLYGON ((-0.0738352983375989 -0.0615588871802686, -0.064555298337865 -0.0693188871800032, -0.0420252983381886 -0.0608888871802549, -0.0075652983376528 -0.0480688871803636, 0.028664701662251 -0.0258188871804066, 0.0613647016621144 0.0008211128196933, 0.075494701662393 0.0183511128199143, 0.0498747016621337 0.032851112819543, 0.0185047016621809 0.0470111128194617, -0.0128652983377719 0.0571311128197749, -0.0345152983378227 0.0615111128198009, -0.0296552983378717 0.04398111281958, -0.0353952983381589 0.0193711128197549, -0.0367252983380695 -0.002888887180319, -0.0437852983381504 -0.0278388871805646, -0.0477652983377652 -0.0436888871803376, -0.0649952983380331 -0.0524588871805065, -0.0738352983375989 -0.0615588871802686))

304554561 POLYGON ((-0.0410934948980923 0.039193594772513, -0.0494034948982147 -0.029136405227348, -0.0374634948979491 -0.0384364052273156, 0.0435565051020603 -0.0423764052271736, 0.0445965051017794 0.0395535947724568, 0.0103165051019261 0.0424135947724835, -0.0410934948980923 0.039193594772513))

73881871 POLYGON ((0.0195086254208832 -0.0456520913260761, 0.0693786254203133 0.0043679086736859, -0.0258013745792596 0.0445879086733214, -0.0667713745798437 -0.0027620913265025, 0.0195086254208832 -0.0456520913260761))

61322673 POLYGON ((-0.0653359562378108 0.0054203298006428, -0.0305259562378035 -0.0247596701989039, 0.0412040437621997 -0.0109496701988121, 0.0592140437621902 0.0249703298010218, -0.0653359562378108 0.0054203298006428))
